[2019-03-09 09:59:57.754447] Training Model...
[2019-03-09 11:04:17.398060] Training Complete.

[2019-03-09 11:04:17.398060] Testing Training Partition...
[2019-03-09 11:45:23.945217] Testing Complete.

[2019-03-09 11:45:23.945217] Testing Holdout Partition...
[2019-03-09 11:55:45.670591] Testing Complete.

[2019-03-09 11:55:45.718576] Testing Holdout Partition (probability)...
[2019-03-09 12:06:08.875657] Testing Complete.

Classification Report:
              precision    recall  f1-score   support

         0.0       0.85      0.99      0.91    412087
         1.0       0.69      0.92      0.79    294006
         2.0       0.57      0.49      0.53    108580
         3.0       0.81      0.94      0.87    112529
         4.0       0.41      0.17      0.25    137990
         5.0       0.76      0.69      0.72     71811
         6.0       0.63      0.58      0.60     81726
         7.0       0.71      0.64      0.67     38597
         8.0       0.70      0.66      0.68    101709
         9.0       0.59      0.26      0.36     16489
        10.0       0.47      0.18      0.27     73651
        11.0       0.55      0.16      0.24     12641
        12.0       0.69      0.35      0.46      7416
        13.0       0.73      0.42      0.54      3393

   micro avg       0.73      0.73      0.73   1472625
   macro avg       0.65      0.53      0.56   1472625
weighted avg       0.70      0.73      0.70   1472625


Confusion Matrix:
        0       1      2       3      4      5      6      7      8     9      10    11    12    13
0   406772    2842    246     483    531    280    480     65    272    22     57     5    15    17
1     9666  269181   2918    2631   1517    675   2969    583   2736   530    457    54    69    20
2     7018   17015  53549    2547   6934   3109   3681   2582   6068   665   4808   369   120   115
3     1539    2765    224  105313   1021    253    835    109    256    28    119     9     5    53
4    28126   39569   7787   10340  24128   4695   8735   2933   6791   657   3345   401   307   176
5     4592    3959   2921    1095   3412  49448   1741    717   2491   130   1165    84    38    18
6     6252   13206   1729    2574   5507   1133  47368    331   2047   174   1170    90   134    11
7     1395    5554   1649     840   1341    884    811  24596   1092    86    226    31    86     6
8     5204    8949   7221    1133   3848   1904   2603    728  67394   225   2161   155   157    27
9     1005    7775    619     114    515    206    679    110    923  4318    191    20     9     5
10    7802   17501  11864    2680   7410   2117   4171   1180   4464   365  13617   335   105    40
11    1193    1436   3056     248   1339    456    517    216   1021    71   1022  1963    86    17
12     454    1541    521     100    629    169    387    243    497    18    226    32  2560    39
13     283     439    263      97    352     63    133     57    130     1    109    10    16  1440

Accuracy:
   Train: 0.737684
 Testing: 0.727712

Log-Loss: 0.899270

Feature Importance:
     Feature  Importance
6  longitude    0.233580
5   latitude    0.226095
2       hour    0.156046
3       make    0.111441
0      month    0.100417
1    weekday    0.092089
4      color    0.080333

