[2019-02-20 15:02:35.441138] Training Model...
[2019-02-20 15:04:10.620780] Training Complete.

[2019-02-20 15:04:10.636401] Testing Training Partition...
[2019-02-20 15:04:45.037253] Testing Complete.

[2019-02-20 15:04:45.037253] Testing Holdout Partition...
[2019-02-20 15:04:56.857964] Testing Complete.

[2019-02-20 15:04:56.883956] Testing Holdout Partition (probability)...
[2019-02-20 15:05:09.651547] Testing Complete.

Classification Report:
              precision    recall  f1-score   support

         0.0       0.68      0.87      0.76    102903
         1.0       0.57      0.72      0.64     73989
         2.0       0.37      0.36      0.37     27158
         3.0       0.63      0.72      0.67     28147
         4.0       0.24      0.12      0.16     34319
         5.0       0.47      0.44      0.45     18081
         6.0       0.40      0.24      0.30     20550
         7.0       0.46      0.37      0.41      9742
         8.0       0.47      0.41      0.44     25237
         9.0       0.27      0.16      0.20      3969
        10.0       0.27      0.06      0.09     18483
        11.0       0.25      0.04      0.07      3129
        12.0       0.39      0.15      0.22      1842
        13.0       0.53      0.16      0.25       860

   micro avg       0.56      0.56      0.56    368409
   macro avg       0.43      0.34      0.36    368409
weighted avg       0.51      0.56      0.52    368409


Confusion Matrix:
       0      1     2      3     4     5     6     7      8    9     10   11   12   13
0   89799   6478  1376   1258  1437   231  1171   215    685   69   114   19   40   11
1    9330  53319  2181   2236  1529   860  1224   540   1898  552   287    2   26    5
2    3705   4000  9721   1205  2298  1668   819   799   1933  228   638   92   29   23
3    2290   2050   459  20325  1127   725   312   228    433   10   167    1   12    8
4    9485   9600  2008   2582  4087  1619  1387   734   1972  233   433   57   73   49
5    2977   1424  1588    942  1007  7917   409   463    982   77   250   28   15    2
6    5588   4213  1359    778  1271   762  4897   184    938  168   340   13   36    3
7     922   1705   840    569   543   577   250  3611    494   30    89   26   86    0
8    2929   4121  2539    791  1562  1080   668   414  10455  170   389   58   53    8
9     715   1434   363     61   163    47   125    25    385  629    14    0    8    0
10   3604   4130  2831   1138  1625  1153   869   431   1386  139  1054   68   46    9
11    650    440   497    132   366   243   131    80    291   30   122  122   21    4
12    391    353   115     67   231    58    99    34    178    3    27    2  282    2
13    169    122    68     22   133    36    32    30     88    1    15    2    3  139

Accuracy:
   Train: 0.562017
 Testing: 0.560130

Log-Loss: 1.425886

