[2019-03-14 23:33:20.131652] Training Model...
[2019-03-14 23:33:29.998650] Training Complete.

[2019-03-14 23:33:29.998650] Testing Training Partition...
[2019-03-14 23:33:40.022765] Testing Complete.

[2019-03-14 23:33:40.022765] Testing Holdout Partition...
[2019-03-14 23:33:43.928814] Testing Complete.

[2019-03-14 23:33:43.928814] Testing Holdout Partition (probability)...
[2019-03-14 23:33:48.186255] Testing Complete.

Classification Report:
              precision    recall  f1-score   support

         0.0       0.67      0.87      0.76     51420
         1.0       0.54      0.70      0.61     36926
         2.0       0.36      0.34      0.35     13774
         3.0       0.61      0.69      0.65     14212
         4.0       0.23      0.12      0.16     17138
         5.0       0.44      0.41      0.42      9011
         6.0       0.35      0.19      0.25     10182
         7.0       0.45      0.31      0.36      4831
         8.0       0.44      0.38      0.41     12561
         9.0       0.28      0.13      0.18      1999
        10.0       0.23      0.04      0.06      9286
        11.0       0.16      0.01      0.03      1567
        12.0       0.36      0.11      0.17       945
        13.0       0.44      0.12      0.18       386

   micro avg       0.54      0.54      0.54    184238
   macro avg       0.40      0.32      0.33    184238
weighted avg       0.49      0.54      0.50    184238


Confusion Matrix:
       0      1     2     3     4     5     6     7     8    9    10  11   12  13
0   44895   3412   724   602   703   104   504    63   333   26   37   4    9   4
1    5132  26027  1135  1246   797   386   634   201   996  264  103   0    5   0
2    1902   2261  4699   645  1118   946   389   373  1017   94  268  36   15  11
3    1280   1272   263  9843   562   369   202    98   218    2   96   2    0   5
4    4843   4872   955  1309  2017   856   646   328   997   78  176  14   28  19
5    1591    795   776   584   579  3656   183   187   501   21  103  13   19   3
6    2852   2578   715   413   592   313  1944    64   483   67  137   8   16   0
7     475    925   421   422   244   350   119  1486   262    6   48   6   65   2
8    1574   2330  1321   440   793   569   331   205  4753   69  144  16   13   3
9     358    851   168    32    88    12    53    10   159  261    6   0    0   1
10   1845   2234  1399   628   754   649   433   204   718   44  351  18    7   2
11    333    242   230    67   195   122    81    66   136   13   50  23    6   3
12    229    206    52    25   104    32    58    23   102    2    5   0  102   5
13     76     54    33     9    44    33    18    17    40    1   16   0    0  45

Accuracy:
   Train: 0.547523
 Testing: 0.543330

Log-Loss: 1.476054

