[2019-02-21 13:57:25.073390] Training Model...
[2019-02-21 22:15:32.338780] Training Complete.

[2019-02-21 22:15:32.338780] Testing Training Partition...
[2019-02-21 22:15:48.891436] Testing Complete.

[2019-02-21 22:15:48.891436] Testing Holdout Partition...
[2019-02-21 22:15:55.296369] Testing Complete.

[2019-02-21 22:15:55.311364] Testing Holdout Partition (probability)...
[2019-02-21 22:16:03.129841] Testing Complete.

Classification Report:
              precision    recall  f1-score   support

         0.0       0.84      0.97      0.90    103332
         1.0       0.55      0.86      0.67     73363
         2.0       0.43      0.41      0.42     27327
         3.0       0.66      0.80      0.73     28130
         4.0       0.29      0.12      0.17     34341
         5.0       0.56      0.46      0.51     18135
         6.0       0.45      0.29      0.35     20608
         7.0       0.47      0.26      0.34      9623
         8.0       0.51      0.49      0.50     25304
         9.0       0.33      0.01      0.02      4053
        10.0       0.34      0.03      0.05     18398
        11.0       0.00      0.00      0.00      3176
        12.0       0.38      0.03      0.05      1788
        13.0       0.54      0.08      0.13       831

   micro avg       0.63      0.63      0.63    368409
   macro avg       0.45      0.34      0.35    368409
weighted avg       0.58      0.63      0.58    368409


Confusion Matrix:
        0      1      2      3     4     5     6     7      8   9    10  11  12  13
0   100039   1931    142    208   512   162   195    28    103   1   11   0   0   0
1     3447  63009    798   2367   793   328  1014    43   1500   9   55   0   0   0
2     1725   6516  11321   1263  1450  1127   848   690   2067  19  275   0   4  22
3      488   2656    417  22618   575   449   341   139    406   0   34   0   2   5
4     6747  12510   2113   2777  4157  1326  1724   680   2096  21  161   0  18  11
5     1102   2665   1657    785  1093  8419   646   328   1324   8   91   0  13   4
6     1511   8359    682    893  1568   440  5996   144    906   3   87   0  17   2
7      440   2565   1139    945   498   690   196  2548    563   2   32   0   5   0
8     1330   4575   3037    719  1186   823   813   281  12324  13  193   0   6   4
9      256   2634    287     47   162    57   116    12    425  47   10   0   0   0
10    1722   5810   3821   1174  1460   804   968   356   1734  16  523   0   5   5
11     290    717    883    150   320   199   162    72    329   2   48   0   4   0
12     210    557    168     91   207    77   131    50    218   0   30   0  48   1
13      80    223    119     39   115    28    43    28     82   2    6   0   3  63

Accuracy:
   Train: 0.642565
 Testing: 0.627325

Log-Loss: 1.232498

